{
    "mae": 110315.09779705889,
    "mse": 33442563939.56094,
    "rmse": 182873.0815061663,
    "r2": 0.7297004878080711
}