{
    "mae": 76.92482414462323,
    "mse": 12004.01152526673,
    "rmse": 109.56281999504544,
    "r2": 0.8038782732542086
}