{
    "mae": 114698.40499984137,
    "mse": 35631814944.03142,
    "rmse": 188763.9132462331,
    "r2": 0.7299672084445763
}