{
    "mae": 104.37439987729446,
    "mse": 22258.725779186483,
    "rmse": 149.1935849129797,
    "r2": 0.6389544998829705
}