{
    "test.mae": 76.86724971229243,
    "test.mse": 11319.272442304207,
    "test.rmse": 106.39206945211757,
    "test.r2": 0.8153573030727993,
    "step": 0
}
