{
    "mae": 95384.98289942754,
    "mse": 25287677306.099747,
    "rmse": 159020.99643160254,
    "r2": 0.7956123563773798
}