{
    "mae": 77.42992958416308,
    "mse": 11624.023170741188,
    "rmse": 107.81476323185609,
    "r2": 0.8100865288924157
}