{
    "mae": 107.05539355419731,
    "mse": 24452.966551678164,
    "rmse": 156.37444340965106,
    "r2": 0.60111732313306
}