{
    "mae": 134806.23998997183,
    "mse": 42813709863.85011,
    "rmse": 206914.74056685792,
    "r2": 0.6539582039152292
}