{
    "mae": 105854.32843739656,
    "mse": 28757139467.039154,
    "rmse": 169579.30141098928,
    "r2": 0.7770157718623534
}