{
    "mae": 116011.21053501744,
    "mse": 35534634123.113846,
    "rmse": 188506.3238279126,
    "r2": 0.7307036853374664
}