{
    "mae": 62.35238813359043,
    "mse": 7665.291176936245,
    "rmse": 87.55164862489025,
    "r2": 0.8747643536941195
}