{
    "val.mae": 73.66151897543563,
    "val.mse": 11304.10344923343,
    "val.rmse": 106.32075737706833,
    "val.r2": 0.8166428876616366,
    "step": 0
}
