{
    "mae": 80.75631139472935,
    "mse": 12828.453877676498,
    "rmse": 113.26276474497918,
    "r2": 0.7907391721991088
}