{
    "train.mae": 102.11051312331085,
    "train.mse": 21572.0792016703,
    "train.rmse": 146.87436536601717,
    "train.r2": 0.6475550349461576,
    "step": 0
}
