{
    "mae": 108523.8378707307,
    "mse": 32235845071.42834,
    "rmse": 179543.43505522094,
    "r2": 0.7557032880177761
}