{
    "mae": 102592.8670484988,
    "mse": 27675801598.086693,
    "rmse": 166360.45683420892,
    "r2": 0.7854005171650196
}