{
    "mae": 112857.03346376795,
    "mse": 34864946205.6534,
    "rmse": 186721.57402307156,
    "r2": 0.735778860377156
}