{
    "mae": 108125.08371847497,
    "mse": 29940884872.221775,
    "rmse": 173034.3459323084,
    "r2": 0.7678369536496213
}