{
    "mae": 105188.65505033548,
    "mse": 28225485398.060314,
    "rmse": 168004.42076939618,
    "r2": 0.7718675234272041
}