{
    "mae": 440848.38044884783,
    "mse": 282813585580.19135,
    "rmse": 531802.2053171567,
    "r2": -4613322.2886961205
}