{
    "mae": 105440.66576815533,
    "mse": 28872650556.370525,
    "rmse": 169919.541419963,
    "r2": 0.7761200933778707
}