{
    "mae": 78.0760435796817,
    "mse": 11488.248443344693,
    "rmse": 107.18324702743752,
    "r2": 0.8126009258668331
}