{
    "mae": 134536.29149914256,
    "mse": 44320568990.29579,
    "rmse": 210524.50923893825,
    "r2": 0.6641201974535107
}