{
    "mae": 106604.88608344049,
    "mse": 30900359113.47087,
    "rmse": 175784.97977208084,
    "r2": 0.7603971447163265
}