{
    "mae": 79.76242612501918,
    "mse": 12592.02655099535,
    "rmse": 112.21419941787826,
    "r2": 0.7957522560504274
}