{
    "mae": 106496.71794529824,
    "mse": 29647319919.68917,
    "rmse": 172183.9711462399,
    "r2": 0.7701132702639277
}