{
    "train.mae": 101587.70263335422,
    "train.mse": 27012568729.453876,
    "train.rmse": 164355.00822747653,
    "train.r2": 0.7905432563952937,
    "step": 0
}
