{
    "mae": 108188.06038807517,
    "mse": 32076726756.256744,
    "rmse": 179099.76760525611,
    "r2": 0.7569091531386203
}