{
    "train.mae": 76.92482414462323,
    "train.mse": 12004.01152526673,
    "train.rmse": 109.56281999504544,
    "train.r2": 0.8038782732542086,
    "step": 0
}
