{
    "test.mae": 107.05539355419731,
    "test.mse": 24452.966551678164,
    "test.rmse": 156.37444340965106,
    "test.r2": 0.60111732313306,
    "step": 0
}
