{
    "val.mae": 85.64562360382908,
    "val.mse": 15353.164161575294,
    "val.rmse": 123.90788579253257,
    "val.r2": 0.7509654915521673,
    "step": 0
}
