{
    "mae": 80.55944958997472,
    "mse": 13267.296569127078,
    "rmse": 115.1837513242518,
    "r2": 0.7847991042919211
}