{
    "mae": 103517.33266654925,
    "mse": 28426373778.930347,
    "rmse": 168601.22709793766,
    "r2": 0.779580544750905
}