{
    "val.mae": 79.76242612501918,
    "val.mse": 12592.02655099535,
    "val.rmse": 112.21419941787826,
    "val.r2": 0.7957522560504274,
    "step": 0
}
