{
    "mae": 116611.3688578837,
    "mse": 37847904710.67614,
    "rmse": 194545.37956650663,
    "r2": 0.713172753630404
}