{
    "mae": 85.64562360382908,
    "mse": 15353.164161575294,
    "rmse": 123.90788579253257,
    "r2": 0.7509654915521673
}