{
    "mae": 112639.12577839466,
    "mse": 31318187145.35703,
    "rmse": 176969.45257686998,
    "r2": 0.7468707625580253
}