{
    "train.mae": 62.35238813359043,
    "train.mse": 7665.291176936245,
    "train.rmse": 87.55164862489025,
    "train.r2": 0.8747643536941195,
    "step": 0
}
