{
    "mae": 84257.65350357804,
    "mse": 18706931860.069637,
    "rmse": 136773.28635398668,
    "r2": 0.854945559991379
}