{
    "mae": 111945.73548931854,
    "mse": 34387160595.90241,
    "rmse": 185437.7539658589,
    "r2": 0.7393997194933342
}