{
    "mae": 104897.55309759329,
    "mse": 29037541663.515873,
    "rmse": 170404.0541287556,
    "r2": 0.7748415198849922
}