{
    "mae": 82.49711352861218,
    "mse": 13811.71876436689,
    "rmse": 117.5232690336977,
    "r2": 0.7759683569389452
}