{
    "mae": 101677.70089745767,
    "mse": 27372691764.97684,
    "rmse": 165446.94546886274,
    "r2": 0.7877508452376152
}