{
    "mae": 87.50835594216315,
    "mse": 15637.3873158755,
    "rmse": 125.04953944687482,
    "r2": 0.7449191737706162
}