{
    "test.mae": 80.65466176059923,
    "test.mse": 13586.687430321388,
    "test.rmse": 116.56194675073588,
    "test.r2": 0.7783706839614897,
    "step": 0
}
