{
    "val.mae": 104.37439987729446,
    "val.mse": 22258.725779186483,
    "val.rmse": 149.1935849129797,
    "val.r2": 0.6389544998829705,
    "step": 0
}
