{
    "val.mae": 79.18904253339241,
    "val.mse": 12779.073101230646,
    "val.rmse": 113.04456245760186,
    "val.r2": 0.7927182856450767,
    "step": 0
}
