{
    "mae": 109372.74462384163,
    "mse": 30501772478.345963,
    "rmse": 174647.56648274823,
    "r2": 0.7634878044560124
}