{
    "train.mae": 74.80436857297197,
    "train.mse": 10723.85938068525,
    "train.rmse": 103.5560687776687,
    "train.r2": 0.8247934188756694,
    "step": 0
}
