{
    "mae": 79.50522310286011,
    "mse": 12106.916446703422,
    "rmse": 110.03143390278717,
    "r2": 0.8025090644662899
}