{
    "mae": 76.86724971229243,
    "mse": 11319.272442304207,
    "rmse": 106.39206945211757,
    "r2": 0.8153573030727993
}