{
    "mae": 99662.8890841462,
    "mse": 28506362280.509144,
    "rmse": 168838.27255841356,
    "r2": 0.7839668679300454
}