{
    "mae": 110614.15938733963,
    "mse": 33833622461.696377,
    "rmse": 183939.18142064344,
    "r2": 0.7435946629124898
}