{
    "mae": 102977.95589810036,
    "mse": 27465624940.03475,
    "rmse": 165727.56240298337,
    "r2": 0.787030236975016
}