{
    "mae": 131809.04290453866,
    "mse": 41916074985.72791,
    "rmse": 204734.15686135011,
    "r2": 0.6749807595444197
}