{
    "mae": 112392.01649022124,
    "mse": 34042401324.784615,
    "rmse": 184505.83005635516,
    "r2": 0.7420124493961129
}