{
    "test.mae": 70.56582675621779,
    "test.mse": 10139.870356938198,
    "test.rmse": 100.69692327443872,
    "test.r2": 0.8345959938025733,
    "step": 0
}
