{
    "test.mae": 78.0760435796817,
    "test.mse": 11488.248443344693,
    "test.rmse": 107.18324702743752,
    "test.r2": 0.8126009258668331,
    "step": 0
}
