{
    "mae": 79.18904253339241,
    "mse": 12779.073101230646,
    "rmse": 113.04456245760186,
    "r2": 0.7927182856450767
}